

!----------------------------------------------------------------------
! Basis Set Exchange
! Version v0.9.1
! https://www.basissetexchange.org
!----------------------------------------------------------------------
!   Basis set: aug-cc-pVDZ
! Description: aug-cc-pVDZ
!        Role: orbital
!     Version: 1  (Data from ccRepo/Grant Hill)
!----------------------------------------------------------------------



H:aug-cc-pVDZ
aug-cc-pVDZ

  2
    0    1
    3    2
    5    2

1.301000D+01 1.962000D+00 4.446000D-01 1.220000D-01 0.0297400 

1.968500D-02 0.000000D+00 0.00000000 
1.379770D-01 0.000000D+00 0.00000000 
4.781480D-01 0.000000D+00 0.00000000 
5.012400D-01 1.000000D+00 0.00000000 
0.00000000 0.00000000 1.0000000 

7.270000D-01 0.1410000 

1.0000000 0.00000000 
0.00000000 1.0000000 

C:aug-cc-pVDZ
aug-cc-pVDZ

  3
    0    1    2
    4    3    2
   10    5    2

6.665000D+03 1.000000D+03 2.280000D+02 6.471000D+01 2.106000D+01 
7.495000D+00 2.797000D+00 5.215000D-01 1.596000D-01 0.0469000 

6.920000D-04 -1.460000D-04 0.000000D+00 0.00000000 
5.329000D-03 -1.154000D-03 0.000000D+00 0.00000000 
2.707700D-02 -5.725000D-03 0.000000D+00 0.00000000 
1.017180D-01 -2.331200D-02 0.000000D+00 0.00000000 
2.747400D-01 -6.395500D-02 0.000000D+00 0.00000000 
4.485640D-01 -1.499810D-01 0.000000D+00 0.00000000 
2.850740D-01 -1.272620D-01 0.000000D+00 0.00000000 
1.520400D-02 5.445290D-01 0.000000D+00 0.00000000 
-3.191000D-03 5.804960D-01 1.000000D+00 0.00000000 
0.00000000 0.00000000 0.00000000 1.0000000 

9.439000D+00 2.002000D+00 5.456000D-01 1.517000D-01 0.0404100 

3.810900D-02 0.000000D+00 0.00000000 
2.094800D-01 0.000000D+00 0.00000000 
5.085570D-01 0.000000D+00 0.00000000 
4.688420D-01 1.000000D+00 0.00000000 
0.00000000 0.00000000 1.0000000 

5.500000D-01 0.1510000 

1.0000000 0.00000000 
0.00000000 1.0000000 

MG:aug-cc-pVDZ
aug-cc-pVDZ

  3
    0    1    2
    5    4    2
   13    9    2

4.739000D+04 7.108000D+03 1.618000D+03 4.584000D+02 1.493000D+02 
5.359000D+01 2.070000D+01 8.384000D+00 2.542000D+00 8.787000D-01 
1.077000D-01 3.999000D-02 1.420000D-02 

3.460230D-04 -8.778390D-05 1.696280D-05 0.000000D+00 0.00000000 
2.680770D-03 -6.747250D-04 1.298650D-04 0.000000D+00 0.00000000 
1.383670D-02 -3.556030D-03 6.888310D-04 0.000000D+00 0.00000000 
5.517670D-02 -1.421540D-02 2.735330D-03 0.000000D+00 0.00000000 
1.696600D-01 -4.767480D-02 9.312240D-03 0.000000D+00 0.00000000 
3.647030D-01 -1.148920D-01 2.232650D-02 0.000000D+00 0.00000000 
4.068560D-01 -2.006760D-01 4.111950D-02 0.000000D+00 0.00000000 
1.350890D-01 -3.412240D-02 5.456420D-03 0.000000D+00 0.00000000 
4.908840D-03 5.704540D-01 -1.340120D-01 0.000000D+00 0.00000000 
2.864600D-04 5.423090D-01 -2.561760D-01 0.000000D+00 0.00000000 
2.645900D-05 2.181280D-02 6.058560D-01 0.000000D+00 0.00000000 
-1.127080D-05 -8.277000D-03 5.094460D-01 1.000000D+00 0.00000000 
0.00000000 0.00000000 0.00000000 0.00000000 1.000000D+00 

1.799000D+02 4.214000D+01 1.313000D+01 4.628000D+00 1.670000D+00 
5.857000D-01 1.311000D-01 4.112000D-02 1.050000D-02 

5.381610D-03 -8.659480D-04 0.000000D+00 0.00000000 
3.924180D-02 -6.159780D-03 0.000000D+00 0.00000000 
1.574450D-01 -2.615190D-02 0.000000D+00 0.00000000 
3.585350D-01 -5.706470D-02 0.000000D+00 0.00000000 
4.572260D-01 -8.739060D-02 0.000000D+00 0.00000000 
2.159180D-01 -1.229900D-02 0.000000D+00 0.00000000 
6.649480D-03 5.020850D-01 0.000000D+00 0.00000000 
-1.253040D-04 5.972450D-01 1.000000D+00 0.00000000 
0.00000000 0.00000000 0.00000000 1.000000D+00 

1.932000D-01 6.050000D-02 

1.0000000 0.00000000 
0.00000000 1.000000D+00 



